1541489853 8.00135
1541489853 7.99735
1541489853 7.99981
1541489854 7.9989
1541489854 7.99946
1541489854 8.00022
1541489854 7.99954
1541489854 8.00025
1541489855 7.99643
1541489855 7.99921
1541489855 8.00326
1541489898 7.86832
1541489898 7.83732
1541489898 7.8291
1541489898 7.82242
1541489898 7.79388
1541489899 7.7626
1541489899 7.76184
1541489899 7.74344
1541489899 7.73169
1541489899 7.72402
1541489900 7.728
1541489900 7.70008
1541489900 7.71648
1541489900 7.68826
1541489900 7.92353
1541489901 7.8703
1541489901 7.88916
1541489901 7.88132
1541489901 7.88044
1541489901 7.87494
1541489902 7.85741
1541489902 7.86942
1541489902 7.87329
1541489902 7.6467
1541489902 7.73364
1541489903 7.7502
1541489903 7.77863
1541489903 7.79619
1541489903 7.83061
1541489904 7.84805
1541489904 7.85638
1541489904 7.87785
1541489904 7.89408
1541489904 7.92152
1541489905 7.92565
1541489905 7.93654
1541489905 7.94026
1541489905 7.70489
1541489905 7.7574
1541489905 7.77761
1541489906 7.79123
1541489906 8.10668
1541489906 7.8639
1541489907 7.82368
1541489907 7.81746
1541489907 7.80949
1541489907 7.79855
1541489907 7.81285
1541489908 8.02907
1541489908 7.80429
1541489908 8.04519
1541489908 7.97485
1541489908 7.9736
1541489909 7.96109
1541489909 7.95201
1541489909 7.94889
1541489909 7.93598
1541489909 7.92545
1541489910 7.97933
1541489910 7.9564
1541489910 7.94362
1541489910 7.9086
1541489910 7.90903
1541489911 7.90212
1541489911 7.91795
1541489911 7.90751
1541489911 7.97817
1541489911 7.97507
1541489912 7.99914
1541489912 7.74734
1541489912 7.98758
1541489912 7.73341
1541489913 7.87656
1541489913 7.89752
1541489913 7.88575
1541489913 7.90383
1541489913 7.91494
1541489913 7.90671
1541489914 7.88713
1541489914 7.87845
1541489914 7.88775
1541489914 7.87653
1541489915 7.87368
1541489915 7.90194
1541489915 7.85378
1541489915 7.86681
1541489916 7.86624
1541489916 7.85973
1541489916 7.88194
1541489916 8.15519
1541489916 8.11871
1541489917 7.89982
1541489917 7.87571
1541489917 7.89864
1541489917 7.86292
1541489917 7.88294
1541489918 7.94766
1541489918 7.94067
1541489918 7.94655
1541489918 7.96898
1541489918 7.97399
1541489919 7.98873
1541489919 7.99813
1541489919 8.02155
1541489919 8.04498
1541489919 7.8187
1541489920 7.90436
1541489920 7.88622
1541489920 8.13448
1541489920 7.89492
1541489920 7.88342
1541489921 7.8938
1541489921 7.89023
1541489921 7.88309
1541489921 7.90762
1541489921 7.92394
1541489922 7.91542
1541489922 7.91622
1541489922 7.9251
1541489922 7.90278
1541489922 7.88234
1541489922 7.883
1541489923 7.87394
1541489923 7.87394
1541489923 7.87222
1541489923 8.12316
1541489924 7.8952
1541489924 8.12434
1541489924 8.01176
1541489924 8.01187
1541489924 7.99066
1541489924 7.98126
1541489925 8.01613
1541489925 8.01018
1541489925 7.97642
1541489925 7.95753
1541489925 7.944
1541489926 7.93365
1541489926 7.93355
1541489926 7.9538
1541489926 7.94687
1541489927 7.97341
1541489927 7.97641
1541489927 7.98735
1541489927 7.987
1541489928 7.99199
1541489928 7.99713
1541489928 8.03156
1541489928 8.05179
1541489928 8.03462
1541489929 8.03628
1541489929 8.05339
1541489929 8.05668
1541489929 8.07239
1541489929 8.08774
1541489930 8.09346
1541489930 8.09737
1541489930 8.09082
1541489930 7.8408
1541489930 7.88766
1541489931 7.97292
1541489931 7.97378
1541489931 7.98255
1541489931 8.03465
1541489931 8.05094
1541489931 8.05539
1541489932 8.05604
1541489932 7.95015
1541489932 7.99162
1541489933 7.98526
1541489933 7.99168
1541489933 8.00232
1541489933 7.95262
1541489933 7.94176
1541489934 7.95908
1541489934 8.20527
1541489934 7.93305
1541489934 8.17126
1541489934 8.16584
1541489935 7.89214
1541489935 8.11203
1541489935 7.88484
1541489935 8.15651
1541489935 8.14996
1541489936 8.15014
1541489936 8.14078
1541489936 8.13509
1541489936 8.14348
1541489936 8.14245
1541489937 7.92197
1541489937 8.13037
1541489937 8.15229
1541489937 7.93234
1541489938 8.2133
1541489938 8.00019
1541489938 8.01106
1541489938 8.02462
1541489938 8.0147
1541489939 8.03147
1541489939 8.03921
1541489939 8.07352
1541489939 8.08874
1541489939 8.10999
1541489940 8.12136
1541489940 8.14797
1541489940 8.15842
1541489940 7.92857
1541489940 7.99099
1541489941 8.05902
1541489941 8.05014
1541489941 8.06532
1541489941 8.08223
1541489941 8.08957
1541489942 8.09467
1541489942 8.09062
1541489942 8.09159
1541489942 8.08573
1541489942 8.08761
1541489943 8.09498
1541489943 8.11246
1541489943 8.10984
1541489943 8.11125
1541489943 8.11817
1541489944 8.12083
1541489944 8.11671
1541489944 8.11814
1541489944 8.10168
1541489944 8.11485
1541489944 8.11301
1541489945 8.11667
1541489945 8.11744
1541489945 8.12579
1541489945 8.13086
1541489946 8.11875
1541489946 8.1095
1541489946 8.11941
1541489946 8.1381
1541489946 8.12792
1541489947 8.1064
1541489947 8.11473
1541489947 8.12173
1541489947 8.14282
1541489947 8.11092
1541489948 8.10439
1541489948 8.12378
1541489948 8.09499
1541489948 8.10216
1541489948 8.10822
1541489949 8.09881
1541489949 8.10332
1541489949 8.102
1541489949 8.10377
1541489949 8.10026
1541489950 8.00553
1541489950 8.05136
1541489950 8.05441
1541489950 8.09467
1541489950 8.16133
1541489951 7.98671
1541489951 8.04627
1541489951 8.04353
1541489951 8.05001
1541489951 8.07823
1541489952 8.1078
1541489952 8.15117
1541489952 7.94157
1541489952 8.03147
1541489952 8.06742
1541489953 8.08106
1541489953 8.11364
1541489953 8.13792
1541489953 8.15705
1541489953 7.95143
1541489954 8.06058
1541489954 8.07065
1541489954 8.08204
1541489954 8.10857
1541489954 8.12365
1541489955 8.13612
1541489955 8.1436
1541489955 8.15079
1541489956 8.19644
1541489956 8.1921
1541489956 8.22332
1541489956 8.26639
1541489956 8.29185
1541489957 8.20007
1541489957 8.17688
1541489957 8.19182
1541489957 8.15019
1541489957 8.11661
1541489958 8.11567
1541489958 8.10592
1541489958 8.33295
1541489958 8.30009
1541489958 8.23927
1541489959 8.19949
1541489959 8.23846
1541489959 8.2162
1541489959 8.21509
1541489960 8.24392
1541489960 8.21598
1541489960 8.18369
1541489960 8.16886
1541489960 8.15699
1541489961 8.19141
1541489961 8.17795
1541489961 8.18761
1541489961 8.21546
1541489961 8.23541
1541489962 8.23122
1541489962 8.22502
1541489962 8.24531
1541489962 8.23657
1541489962 8.24592
1541489962 8.26274
1541489963 8.29281
1541489963 8.06861
1541489963 8.12759
1541489963 8.12117
1541489964 8.1188
1541489964 8.12271
1541489964 8.14341
1541489964 8.13826
1541489964 8.12939
1541489964 8.13487
1541489965 8.13898
1541489965 8.14726
1541489965 8.16184
1541489965 8.14807
1541489966 8.12783
1541489966 8.10665
1541489966 8.12444
1541489966 8.08572
1541489966 8.09939
1541489966 8.10348
1541489967 8.1148
1541489967 8.29425
1541489967 8.26537
1541489967 8.26479
1541489968 8.24722
1541489968 8.18438
1541489968 8.20267
1541489968 8.20326
1541489968 8.16826
1541489969 8.16459
1541489969 8.11384
1541489969 8.26132
1541489969 8.21187
1541489969 8.19904
1541489970 8.22261
1541489970 8.2504
1541489970 8.34535
1541489970 8.16165
1541489970 8.19119
1541489971 8.16897
1541489971 8.17114
1541489971 8.22624
1541489971 8.20665
1541489971 8.26675
1541489972 8.08533
1541489972 8.13422
1541489972 8.20989
1541489972 8.18796
1541489972 8.22303
1541489972 8.05503
1541489973 8.10187
1541489973 8.15392
1541489973 8.17258
1541489974 8.29078
1541489974 8.28251
1541489974 8.30108
1541489974 8.27893
1541489974 8.28368
1541489975 8.29137
1541489975 8.28992
1541489975 8.30362
1541489975 8.30128
1541489975 8.31596
1541489976 8.1464
1541489976 8.15276
1541489976 8.14679
1541489976 8.13285
1541489976 8.13355
1541489977 8.1379
1541489977 8.17953
1541489977 8.17296
1541489977 8.16391
1541489977 8.18295
1541489978 8.18814
1541489978 8.17179
1541489978 8.19928
1541489978 8.22285
1541489978 8.2212
1541489979 8.19145
1541489979 8.21334
1541489979 8.2127
1541489979 8.20842
1541489979 8.22172
1541489980 8.21611
1541489980 8.22431
1541489980 8.22499
1541489980 8.21693
1541489980 8.20344
1541489981 8.23039
1541489981 8.28427
1541489981 8.28038
1541489981 8.28781
1541489981 8.27996
1541489982 8.28351
1541489982 8.26202
1541489982 8.27553
1541489982 8.1114
1541489982 8.12511
1541489983 8.20842
1541489983 8.192
1541489983 8.20457
1541489983 8.22087
1541489983 8.23477
1541489984 8.08711
1541489984 8.15648
1541489984 8.23357
1541489984 8.27674
1541489984 8.26246
1541489985 8.31648
1541489985 8.29932
1541489985 8.29333
1541489985 8.07697
1541489985 8.15399
1541489986 8.18781
1541489986 8.18772
1541489986 8.19332
1541489986 8.21349
1541489986 8.22165
1541489987 8.2617
1541489987 8.25217
1541489987 8.25398
1541489987 8.24356
1541489987 8.24729
1541489988 8.25353
1541489988 8.25277
1541489988 8.2633
1541489988 8.26263
1541489988 8.2833
1541489988 8.27542
1541489989 8.29494
1541489989 8.301
1541489989 8.28167
1541489989 8.26625
1541489990 8.24912
1541489990 8.24967
1541489990 8.24459
1541489990 8.23984
1541489990 8.23885
1541489991 8.23176
1541489991 8.22452
1541489991 8.199
1541489991 8.18068
1541489992 8.13106
1541489992 8.12637
1541489992 8.10751
1541489992 8.31754
1541489993 8.26925
1541489993 8.2514
1541489993 8.23224
1541489993 8.19494
1541489993 8.18306
1541489994 8.16952
1541489994 8.11029
1541489994 8.12252
1541489994 8.34681
1541489994 8.31939
1541489995 8.20491
1541489995 8.17727
1541489995 8.17147
1541489995 8.1743
1541489996 8.2671
1541489996 8.05092
1541489996 8.31568
1541489996 8.11365
1541489997 8.1386
1541489997 8.18397
1541489997 8.19856
1541489997 8.22442
1541489997 8.21574
1541489998 8.24033
1541489998 8.24588
1541489998 8.24265
1541489998 8.24606
1541489998 8.27118
1541489999 8.02558
1541489999 8.08973
1541489999 8.08674
1541489999 8.10785
1541489999 8.12926
1541490000 8.12965
1541490000 8.12789
1541490000 8.11972
1541490000 8.1044
1541490000 8.1223
1541490001 8.11615
1541490001 8.10786
1541490001 8.0967
1541490001 8.088
1541490001 8.09002
1541490002 8.25359
1541490002 8.22854
1541490002 8.01459
1541490002 8.26127
1541490002 8.2575
1541490003 8.07384
1541490003 8.24967
1541490003 8.2382
1541490003 8.24359
1541490003 8.03876
1541490004 8.13874
1541490004 7.89568
1541490004 7.81076
1541490004 7.8536
1541490004 8.03438
1541490005 8.103
1541490005 7.98273
1541490005 8.12296
1541490005 8.01306
1541490006 8.12064
1541490006 8.05421
1541490006 7.93
1541490006 8.06447
1541490006 8.00142
1541490007 7.98409
1541490007 7.93756
1541490007 8.05955
1541490007 7.99768
1541490007 7.93926
1541490008 8.01906
1541490008 8.03389
1541490008 8.18873
1541490008 8.1868
1541490009 8.05728
1541490009 8.1059
1541490009 8.06687
1541490009 7.88096
1541490009 7.96613
1541490010 8.05719
1541490010 7.87225
1541490010 7.98094
1541490010 8.06257
1541490010 8.07961
1541490011 8.18377
1541490011 8.20291
1541490011 8.22914
1541490011 8.02718
1541490011 8.0743
1541490012 8.12671
1541490012 8.182
1541490012 8.19658
1541490012 8.18592
1541490012 8.19389
1541490012 8.24527
1541490013 8.06292
1541490013 8.20475
1541490013 8.15657
1541490013 8.16163
1541490014 8.1978
1541490014 8.2003
1541490014 8.21472
1541490014 8.24894
1541490014 8.09777
1541490015 8.1757
1541490015 8.39256
1541490015 8.14949
1541490015 8.34819
1541490015 8.19677
1541490016 8.18234
1541490016 8.15508
1541490016 8.1362
1541490016 8.12469
1541490016 8.31569
1541490016 8.25593
1541490017 8.20331
1541490017 8.1732
1541490017 8.13046
1541490017 8.34035
1541490018 8.27753
1541490018 8.16558
1541490018 8.13971
1541490018 8.35208
1541490018 8.24142
1541490019 8.20919
1541490019 8.19483
1541490019 8.06967
1541490019 8.21994
1541490019 8.18697
1541490020 8.22729
1541490020 8.27062
1541490020 8.23019
1541490020 8.22754
1541490020 8.21036
1541490021 8.17526
1541490021 8.19886
1541490021 8.19168
1541490021 8.17397
1541490021 8.17398
1541490022 8.1559
1541490022 8.12891
1541490022 8.33044
1541490022 8.28992
1541490022 8.28399
1541490023 8.26022
1541490023 8.23182
1541490023 8.21947
1541490024 8.18223
1541490024 8.19459
1541490024 8.16539
1541490024 8.17331
1541490024 8.37627
1541490025 8.29701
1541490025 8.28835
1541490025 8.28357
1541490025 8.28893
1541490025 8.28767
1541490026 8.26531
1541490026 8.24554
1541490026 8.2539
1541490026 8.38435
1541490027 8.31717
1541490027 8.19197
1541490027 8.1383
1541490027 8.34983
1541490027 8.25961
1541490027 8.16968
1541490028 8.32117
1541490028 8.13104
1541490028 8.36305
1541490028 8.32038
1541490029 8.21952
1541490029 8.1468
1541490029 8.26542
1541490029 8.15541
1541490029 8.13191
1541490030 8.31574
1541490030 8.21455
1541490030 8.16952
1541490030 8.11263
1541490031 8.32252
1541490031 8.28454
1541490031 8.22048
1541490031 8.17315
1541490031 8.38
1541490031 8.28544
1541490032 8.22248
1541490032 8.20955
1541490032 8.18343
1541490032 8.15721
1541490033 8.13873
1541490033 8.10792
1541490033 8.31691
1541490033 8.25532
1541490033 8.22352
1541490034 8.20047
1541490034 8.17691
1541490034 8.1623
1541490034 8.14324
1541490034 8.0769
1541490035 8.31417
1541490035 8.28541
1541490035 8.21339
1541490035 8.18506
1541490035 8.18686
1541490036 8.17046
1541490036 8.17337
1541490036 8.14811
1541490036 8.13167
1541490036 8.14083
1541490037 8.17471
1541490037 8.14128
1541490037 8.14836
1541490038 8.16382
1541490038 8.14314
1541490038 8.1229
1541490038 8.12174
1541490038 8.14428
1541490039 8.12014
1541490039 8.10034
1541490039 8.0874
1541490039 8.07229
1541490039 8.06884
1541490040 8.04637
1541490040 8.00911
1541490040 8.01548
1541490040 8.257
1541490040 8.1764
1541490040 8.09839
1541490041 8.09026
1541490041 8.0316
1541490041 8.00711
1541490041 8.05906
1541490042 8.06073
1541490042 8.06863
1541490042 8.07391
1541490042 8.07263
1541490042 8.10134
1541490043 8.11336
1541490043 7.85299
1541490043 8.14819
1541490043 7.96787
1541490043 7.7533
1541490044 7.82476
1541490044 7.90589
1541490044 7.7041
1541490044 7.80343
1541490045 8.14204
1541490045 7.93846
1541490045 7.79361
1541490045 7.88327
1541490046 8.02431
1541490046 8.05573
1541490046 8.06565
1541490046 8.07998
1541490046 8.09907
1541490047 7.88476
1541490047 7.92286
1541490047 8.16721
1541490047 7.89213
1541490047 8.13363
1541490048 8.14729
1541490048 8.14328
1541490048 8.12246
1541490049 8.10279
1541490049 8.10788
1541490049 8.08053
1541490049 8.08628
1541490050 8.06695
1541490050 8.0513
1541490050 8.04307
1541490050 8.03635
1541490050 8.05344
1541490051 8.03652
1541490051 8.0131
1541490051 8.0299
1541490051 8.01756
1541490051 8.01852
1541490052 8.05181
1541490052 8.06844
1541490052 8.10744
1541490052 8.11884
1541490052 8.14286
1541490053 8.15513
1541490053 8.14498
1541490053 8.16626
1541490053 8.17717
1541490053 8.16979
1541490054 7.94598
1541490054 8.18331
1541490054 7.92135
1541490054 7.99772
1541490054 7.99721
1541490055 8.25552
1541490055 8.18114
1541490055 8.17781
1541490055 8.23819
1541490055 8.20556
1541490055 8.1971
1541490056 8.16831
1541490056 8.1279
1541490056 7.91145
1541490056 8.15598
1541490057 7.93168
1541490057 8.14967
1541490057 8.11685
1541490057 8.13137
1541490057 8.12644
1541490057 7.90789
1541490058 7.90647
1541490058 7.89459
1541490058 7.89206
1541490058 7.89486
1541490059 7.91826
1541490059 7.90877
1541490059 7.67491
1541490059 7.74494
1541490060 7.78628
1541490060 7.8766
1541490060 7.87899
1541490060 7.88639
1541490060 7.87071
1541490061 7.91718
1541490061 7.69813
1541490061 7.70184
1541490061 7.97203
1541490061 7.75062
1541490062 7.77205
1541490062 7.81537
1541490062 7.8174
1541490062 8.07659
1541490062 7.80514
1541490063 7.80119
1541490063 7.80309
1541490063 7.78553
1541490063 7.79042
1541490063 7.81548
1541490064 7.79708
1541490064 7.79953
1541490064 7.80071
1541490064 7.572
1541490064 7.81367
1541490065 7.75834
1541490065 7.78757
1541490065 7.75819
1541490065 7.72883
1541490065 7.70858
1541490066 7.67872
1541490066 7.70431
1541490066 7.72067
1541490066 7.66828
1541490066 7.70028
1541490067 7.65637
1541490067 7.66515
1541490067 7.64369
1541490067 7.6241
1541490067 7.68781
1541490068 7.68066
1541490068 7.69113
1541490068 7.7408
1541490068 7.69522
1541490069 7.72346
1541490069 7.69776
1541490069 7.71615
1541490069 7.71303
1541490069 7.71448
1541490070 7.7073
1541490070 7.68736
1541490070 7.71708
1541490070 7.71016
1541490070 7.71002
1541490071 7.78077
1541490071 7.6796
1541490071 7.47971
1541490071 7.50471
1541490071 7.61147
1541490072 7.59942
1541490072 7.6395
1541490072 7.65124
1541490072 7.77416
1541490072 7.73645
1541490073 7.53367
1541490073 7.60038
1541490073 7.66781
1541490073 7.68606
1541490073 7.70789
1541490074 7.75914
1541490074 7.73689
1541490074 7.55632
1541490074 7.56415
1541490074 7.58183
1541490075 7.56481
1541490075 7.57195
1541490075 7.64193
1541490075 7.65864
1541490076 7.66961
1541490076 7.66507
1541490076 7.64739
1541490076 7.59912
1541490076 7.61244
1541490077 7.66584
1541490077 7.60223
1541490077 7.62841
1541490077 7.6524
1541490077 7.70842
1541490078 7.68253
1541490078 7.77285
1541490078 7.70207
1541490078 7.6437
1541490078 7.41371
1541490079 7.68198
1541490079 7.45325
1541490079 7.51494
1541490079 7.52034
1541490079 7.5037
1541490079 7.74027
1541490080 7.75337
1541490080 7.72638
1541490080 7.6758
1541490080 7.74213
1541490081 7.64042
1541490081 7.60872
1541490081 7.59725
1541490081 7.61737
1541490081 7.61045
1541490081 7.56106
1541490082 7.73517
1541490082 7.63875
1541490082 7.65484
1541490082 7.5995
1541490083 7.48221
1541490083 7.71695
1541490083 7.5981
1541490083 7.51984
1541490083 7.8323
1541490083 7.63611
1541490084 7.56983
1541490084 7.64001
1541490084 7.63597
1541490084 7.54068
1541490085 7.78992
1541490085 7.58746
1541490085 7.6713
1541490085 7.62098
1541490085 7.55964
1541490086 7.71537
1541490086 7.61287
1541490086 7.80374
1541490086 7.67209
1541490086 7.59711
1541490087 7.80824
1541490087 7.69018
1541490087 7.58738
1541490087 7.6611
1541490087 7.63832
1541490087 7.79815
1541490088 7.68821
1541490088 7.86919
1541490088 7.77639
1541490088 7.82286
1541490089 7.74593
1541490089 7.82533
1541490089 7.69913
1541490089 7.78161
1541490089 7.91536
1541490090 7.76054
1541490090 7.87443
1541490090 7.63938
1541490090 7.72975
1541490090 7.83124
1541490091 7.72509
1541490091 7.92199
1541490091 7.81629
1541490091 7.8253
1541490091 7.85854
1541490092 7.77563
1541490092 7.91844
1541490092 7.89164
1541490092 7.82514
1541490092 7.81649
1541490093 7.94747
1541490093 7.72486
1541490093 7.9096
1541490093 7.93949
1541490093 7.88538
1541490094 7.73443
1541490094 7.76915
1541490094 7.88362
1541490094 7.82037
1541490094 7.76907
1541490095 7.97493
1541490095 7.89822
1541490095 7.82016
1541490095 7.97353
1541490095 7.8964
1541490096 7.9355
1541490096 7.93478
1541490096 7.97455
1541490096 8.10753
1541490096 7.98265
1541490097 8.05392
1541490097 7.91815
1541490097 7.96604
1541490097 7.95368
1541490097 7.90821
1541490098 7.82491
1541490098 8.00018
1541490098 7.7726
1541490098 7.8628
1541490098 7.97058
1541490099 7.7881
1541490099 7.79578
1541490099 7.83724
1541490099 7.93995
1541490099 7.94142
1541490100 7.94723
1541490100 8.09882
1541490100 8.02024
1541490100 8.08592
1541490100 8.11615
1541490100 7.62209
1541490101 7.91472
1541490101 7.8429
1541490101 7.98959
1541490101 8.03679
1541490102 7.92846
1541490102 7.96605
1541490102 7.93842
1541490102 8.05549
1541490102 8.01195
1541490103 8.04015
1541490103 7.90163
1541490103 7.9796
1541490103 8.14249
1541490105 8.37514
1541490105 8.4662
1541490106 8.60516
1541490106 8.51061
1541490106 8.51503
1541490106 8.51638
1541490106 8.50157
1541490107 8.49535
1541490107 8.4101
1541490107 8.44079
1541490107 8.47017
1541490107 8.48439
1541490108 8.38555
1541490108 8.46395
1541490108 8.5375
1541490108 8.53848
1541490108 8.42972
1541490109 8.40981
1541490109 8.53629
1541490109 8.41317
1541490109 8.58132
1541490109 8.51318
1541490110 8.50544
1541490110 8.49411
1541490110 8.44662
1541490110 8.52463
1541490110 8.52868
1541490111 8.5719
1541490111 8.45658
1541490111 8.46779
1541490111 8.46703
1541490111 8.41442
1541490112 8.43543
1541490112 8.55872
1541490112 8.55352
1541490112 8.44806
1541490112 8.55016
1541490113 8.41335
1541490113 8.46457
1541490113 8.40539
1541490113 8.39899
1541490113 8.4717
