1541489853 8.00685
1541489853 8.00587
1541489853 8.00568
1541489854 8.00484
1541489854 8.00301
1541489854 8.00302
1541489854 8.00316
1541489854 8.00751
1541489855 8.00297
1541489855 8.00358
1541489855 8.00937
1541489898 7.82645
1541489898 7.7884
1541489898 7.77371
1541489898 7.77236
1541489898 7.74752
1541489899 7.74922
1541489899 7.73591
1541489899 7.72616
1541489899 7.72232
1541489899 7.71235
1541489900 7.70246
1541489900 7.68107
1541489900 7.67468
1541489900 7.66444
1541489900 7.89904
1541489901 7.8357
1541489901 7.8484
1541489901 7.85232
1541489901 7.85775
1541489901 7.84834
1541489902 7.84224
1541489902 7.85692
1541489902 7.86607
1541489902 7.6436
1541489902 7.7211
1541489903 7.73206
1541489903 7.76285
1541489903 7.77833
1541489903 7.8179
1541489903 7.81595
1541489904 7.84927
1541489904 7.86007
1541489904 7.87222
1541489904 7.89684
1541489905 7.92061
1541489905 7.92053
1541489905 7.93183
1541489905 7.68516
1541489905 7.75297
1541489906 7.79783
1541489906 7.7705
1541489906 8.0854
1541489906 7.82601
1541489907 7.79604
1541489907 7.79813
1541489907 7.78855
1541489907 7.78636
1541489907 7.79501
1541489908 8.01926
1541489908 7.79005
1541489908 8.02644
1541489908 7.96494
1541489908 7.95606
1541489909 7.95282
1541489909 7.93307
1541489909 7.93411
1541489909 7.9327
1541489909 7.9183
1541489910 7.95244
1541489910 7.94422
1541489910 7.92744
1541489910 7.89564
1541489910 7.91368
1541489910 7.91654
1541489911 7.91076
1541489911 7.90836
1541489911 7.94657
1541489911 7.96975
1541489911 7.99546
1541489912 7.74179
1541489912 8.00363
1541489912 7.73191
1541489912 7.86908
1541489913 7.89215
1541489913 7.88168
1541489913 7.90889
1541489913 7.91179
1541489914 7.89042
1541489914 7.87097
1541489914 7.8843
1541489914 7.88452
1541489915 7.86753
1541489915 7.86937
1541489915 7.89949
1541489915 7.85046
1541489915 7.86339
1541489916 7.85955
1541489916 7.8583
1541489916 7.8816
1541489916 8.14695
1541489916 8.11065
1541489917 7.87981
1541489917 7.87529
1541489917 7.89565
1541489917 7.86585
1541489917 7.92041
1541489917 7.94545
1541489918 7.95604
1541489918 7.96096
1541489918 7.98091
1541489918 7.96781
1541489919 7.98576
1541489919 8.00305
1541489919 8.0193
1541489919 8.04491
1541489919 7.81704
1541489920 7.9015
1541489920 7.88563
1541489920 8.13358
1541489920 7.89583
1541489920 7.87849
1541489920 7.88944
1541489921 7.88867
1541489921 7.87617
1541489921 7.90978
1541489921 7.92388
1541489922 7.90614
1541489922 7.92609
1541489922 7.91886
1541489922 7.89878
1541489922 7.88201
1541489923 7.86785
1541489923 7.8751
1541489923 7.87635
1541489923 7.86707
1541489923 8.11777
1541489924 7.89642
1541489924 8.1328
1541489924 8.02405
1541489924 8.01059
1541489924 8.00056
1541489925 7.97994
1541489925 7.9964
1541489925 8.00784
1541489925 7.97345
1541489925 7.95312
1541489926 7.94114
1541489926 7.93393
1541489926 7.9353
1541489926 7.95524
1541489926 7.95058
1541489927 7.97205
1541489927 7.9771
1541489927 7.98319
1541489927 7.98574
1541489927 7.9915
1541489928 8.01647
1541489928 8.02419
1541489928 8.05016
1541489928 8.0307
1541489929 8.02057
1541489929 8.04597
1541489929 8.05383
1541489929 8.10704
1541489929 8.08535
1541489930 8.0971
1541489930 8.09705
1541489930 8.09598
1541489930 7.84142
1541489930 7.90661
1541489931 7.93963
1541489931 7.96974
1541489931 7.98166
1541489931 8.03659
1541489931 8.05063
1541489932 8.05517
1541489932 8.0532
1541489932 7.95285
1541489932 7.99326
1541489933 7.99118
1541489933 8.01555
1541489933 7.99728
1541489933 7.95934
1541489933 7.93928
1541489934 7.96193
1541489934 8.21142
1541489934 7.92949
1541489934 8.17173
1541489934 8.16089
1541489935 7.89226
1541489935 8.10743
1541489935 7.90207
1541489935 8.15835
1541489935 8.14438
1541489936 8.15671
1541489936 8.14545
1541489936 8.14395
1541489936 8.14203
1541489936 8.15103
1541489937 7.92273
1541489937 8.13748
1541489937 8.15624
1541489937 7.94326
1541489938 8.21274
1541489938 7.98731
1541489938 8.00919
1541489938 8.0255
1541489938 8.01576
1541489938 8.03195
1541489939 8.04588
1541489939 8.07521
1541489939 8.07736
1541489939 8.1205
1541489940 8.1208
1541489940 8.14865
1541489940 8.159
1541489940 7.92626
1541489940 7.99024
1541489940 8.03528
1541489941 8.04463
1541489941 8.06487
1541489941 8.08097
1541489941 8.0899
1541489942 8.09253
1541489942 8.09001
1541489942 8.1071
1541489942 8.09594
1541489942 8.08458
1541489943 8.09763
1541489943 8.11277
1541489943 8.10751
1541489943 8.11019
1541489943 8.11608
1541489944 8.12091
1541489944 8.11716
1541489944 8.12042
1541489944 8.10175
1541489944 8.11405
1541489945 8.1172
1541489945 8.12059
1541489945 8.1208
1541489945 8.1271
1541489945 8.13131
1541489946 8.1173
1541489946 8.1106
1541489946 8.11945
1541489946 8.14243
1541489946 8.12526
1541489946 8.12219
1541489947 8.11827
1541489947 8.12358
1541489947 8.13562
1541489947 8.10549
1541489948 8.10243
1541489948 8.12412
1541489948 8.0959
1541489948 8.10104
1541489948 8.1088
1541489949 8.09845
1541489949 8.10783
1541489949 8.103
1541489949 8.09133
1541489949 8.09697
1541489950 8.00416
1541489950 8.05356
1541489950 8.05065
1541489950 8.08958
1541489950 8.16396
1541489951 7.98427
1541489951 8.04269
1541489951 8.04491
1541489951 8.07055
1541489951 8.12227
1541489951 8.11018
1541489952 8.15043
1541489952 7.97282
1541489952 8.02841
1541489952 8.06324
1541489953 8.07556
1541489953 8.10647
1541489953 8.13246
1541489953 8.15018
1541489953 7.94949
1541489954 8.05308
1541489954 8.06488
1541489954 8.07668
1541489954 8.11009
1541489954 8.11928
1541489955 8.13544
1541489955 8.14316
1541489955 8.15318
1541489956 8.19237
1541489956 8.197
1541489956 8.22245
1541489956 8.26587
1541489956 8.25239
1541489957 8.20212
1541489957 8.18757
1541489957 8.14543
1541489957 8.17437
1541489957 8.1282
1541489958 8.12377
1541489958 8.10287
1541489958 8.3268
1541489958 8.29578
1541489958 8.23209
1541489959 8.19787
1541489959 8.23562
1541489959 8.21617
1541489959 8.21029
1541489960 8.24107
1541489960 8.20818
1541489960 8.20174
1541489960 8.16529
1541489960 8.15515
1541489961 8.18726
1541489961 8.17229
1541489961 8.18542
1541489961 8.21632
1541489961 8.23391
1541489962 8.23041
1541489962 8.22166
1541489962 8.2383
1541489962 8.23522
1541489962 8.26711
1541489963 8.26438
1541489963 8.29196
1541489963 8.06577
1541489963 8.12741
1541489963 8.12178
1541489964 8.11948
1541489964 8.12672
1541489964 8.14061
1541489964 8.12438
1541489964 8.12665
1541489965 8.13393
1541489965 8.13663
1541489965 8.15373
1541489965 8.16704
1541489965 8.15022
1541489966 8.12868
1541489966 8.10671
1541489966 8.11978
1541489966 8.08425
1541489966 8.0922
1541489967 8.11129
1541489967 8.11145
1541489967 8.29357
1541489967 8.26314
1541489967 8.26297
1541489968 8.24825
1541489968 8.1779
1541489968 8.20864
1541489968 8.19952
1541489968 8.15825
1541489969 8.16225
1541489969 8.10172
1541489969 8.25016
1541489969 8.21282
1541489969 8.19919
1541489970 8.21544
1541489970 8.25279
1541489970 8.34259
1541489970 8.16126
1541489970 8.19123
1541489971 8.16236
1541489971 8.16398
1541489971 8.21904
1541489971 8.21193
1541489971 8.2627
1541489972 8.08651
1541489972 8.13442
1541489972 8.20622
1541489972 8.1881
1541489972 8.22366
1541489973 8.07437
1541489973 8.10313
1541489973 8.14954
1541489973 8.17614
1541489974 8.29081
1541489974 8.27763
1541489974 8.30452
1541489974 8.27791
1541489974 8.28292
1541489975 8.2927
1541489975 8.29347
1541489975 8.30429
1541489975 8.30501
1541489975 8.32033
1541489976 8.14922
1541489976 8.16392
1541489976 8.14732
1541489976 8.13733
1541489976 8.13184
1541489977 8.13829
1541489977 8.18246
1541489977 8.17534
1541489977 8.16474
1541489977 8.18008
1541489978 8.16714
1541489978 8.16864
1541489978 8.20473
1541489978 8.22421
1541489978 8.22162
1541489979 8.19032
1541489979 8.21837
1541489979 8.21262
1541489979 8.20902
1541489979 8.2194
1541489980 8.21662
1541489980 8.22335
1541489980 8.22601
1541489980 8.22197
1541489980 8.21056
1541489981 8.23314
1541489981 8.28573
1541489981 8.27642
1541489981 8.28799
1541489981 8.27854
1541489982 8.28335
1541489982 8.27564
1541489982 8.27337
1541489982 8.10878
1541489982 8.12617
1541489983 8.20796
1541489983 8.19165
1541489983 8.20729
1541489983 8.24183
1541489983 8.27437
1541489983 8.08666
1541489984 8.15497
1541489984 8.23254
1541489984 8.26919
1541489984 8.26422
1541489985 8.3181
1541489985 8.30202
1541489985 8.29789
1541489985 8.08648
1541489985 8.15878
1541489986 8.19246
1541489986 8.1982
1541489986 8.19369
1541489986 8.21355
1541489986 8.22223
1541489987 8.2644
1541489987 8.25722
1541489987 8.26126
1541489987 8.24783
1541489987 8.25491
1541489987 8.26392
1541489988 8.25891
1541489988 8.26863
1541489988 8.27029
1541489988 8.28986
1541489988 8.27939
1541489989 8.29608
1541489989 8.30053
1541489989 8.28505
1541489989 8.2698
1541489990 8.25282
1541489990 8.25145
1541489990 8.24927
1541489990 8.24366
1541489990 8.24271
1541489991 8.23669
1541489991 8.22885
1541489991 8.20174
1541489991 8.18703
1541489992 8.13879
1541489992 8.1273
1541489992 8.1083
1541489992 8.32044
1541489993 8.271
1541489993 8.25768
1541489993 8.23883
1541489993 8.19773
1541489993 8.18637
1541489994 8.17173
1541489994 8.11962
1541489994 8.12968
1541489994 8.3911
1541489995 8.28585
1541489995 8.23148
1541489995 8.18144
1541489995 8.18221
1541489995 8.18262
1541489996 8.26787
1541489996 8.05239
1541489996 8.31444
1541489996 8.11596
1541489997 8.13749
1541489997 8.16457
1541489997 8.20514
1541489997 8.22301
1541489997 8.21433
1541489998 8.24334
1541489998 8.2478
1541489998 8.24751
1541489998 8.24744
1541489998 8.2756
1541489999 8.03059
1541489999 8.09218
1541489999 8.08526
1541489999 8.11619
1541489999 8.13568
1541490000 8.13079
1541490000 8.12991
1541490000 8.11644
1541490000 8.10361
1541490000 8.1202
1541490001 8.12227
1541490001 8.1134
1541490001 8.10209
1541490001 8.08692
1541490001 8.09152
1541490002 8.2291
1541490002 8.22883
1541490002 8.01958
1541490002 8.26916
1541490002 8.26268
1541490003 8.07915
1541490003 8.25057
1541490003 8.23702
1541490003 8.25366
1541490003 8.04541
1541490004 8.1539
1541490004 7.89522
1541490004 7.8181
1541490004 7.89508
1541490004 8.02031
1541490005 8.06837
1541490005 8.10794
1541490005 7.9915
1541490005 8.12393
1541490005 8.01839
1541490006 8.12638
1541490006 8.06133
1541490006 7.93158
1541490006 8.06725
1541490006 8.00306
1541490007 7.9884
1541490007 7.93753
1541490007 8.05997
1541490007 7.94058
1541490007 7.81522
1541490008 7.75469
1541490008 7.77962
1541490008 7.96234
1541490008 8.08907
1541490009 8.05296
1541490009 8.1279
1541490009 8.06027
1541490009 7.86784
1541490009 7.96895
1541490010 8.05516
1541490010 7.91951
1541490010 7.98448
1541490010 8.06166
1541490010 8.11113
1541490011 8.1861
1541490011 8.20419
1541490011 8.23227
1541490011 8.03012
1541490011 8.07165
1541490012 8.12997
1541490012 8.18638
1541490012 8.20421
1541490012 8.18919
1541490012 8.19568
1541490012 8.24951
1541490013 8.06167
1541490013 8.2112
1541490013 8.15714
1541490013 8.16601
1541490014 8.19929
1541490014 8.19747
1541490014 8.21494
1541490014 8.2524
1541490014 8.06542
1541490015 8.17502
1541490015 8.39129
1541490015 8.15152
1541490015 8.34823
1541490015 8.1943
1541490016 8.17956
1541490016 8.15466
1541490016 8.11176
1541490016 8.10697
1541490016 8.31271
1541490017 8.22157
1541490017 8.2002
1541490017 8.17551
1541490017 8.12885
1541490017 8.33445
1541490018 8.27331
1541490018 8.16312
1541490018 8.13731
1541490018 8.34682
1541490018 8.23695
1541490019 8.2086
1541490019 8.19656
1541490019 8.06934
1541490019 8.22344
1541490019 8.18918
1541490020 8.23104
1541490020 8.26921
1541490020 8.22785
1541490020 8.22534
1541490020 8.17992
1541490021 8.17813
1541490021 8.18998
1541490021 8.19477
1541490021 8.17391
1541490021 8.17404
1541490022 8.15543
1541490022 8.12874
1541490022 8.3365
1541490022 8.29066
1541490022 8.2832
1541490023 8.26019
1541490023 8.23891
1541490023 8.21643
1541490024 8.18205
1541490024 8.19297
1541490024 8.16431
1541490024 8.17265
1541490024 8.37481
1541490025 8.29793
1541490025 8.29015
1541490025 8.28455
1541490025 8.29057
1541490025 8.2912
1541490026 8.26472
1541490026 8.23989
1541490026 8.24889
1541490026 8.38217
1541490027 8.3192
1541490027 8.17226
1541490027 8.10906
1541490027 8.34651
1541490027 8.26631
1541490027 8.16696
1541490028 8.32002
1541490028 8.13059
1541490028 8.36295
1541490028 8.31978
1541490029 8.22092
1541490029 8.15163
1541490029 8.26743
1541490029 8.18195
1541490029 8.13531
1541490030 8.31998
1541490030 8.21828
1541490030 8.17074
1541490030 8.1125
1541490031 8.32545
1541490031 8.28731
1541490031 8.22059
1541490031 8.17469
1541490031 8.39554
1541490031 8.28777
1541490032 8.22321
1541490032 8.21254
1541490032 8.185
1541490032 8.15695
1541490033 8.13653
1541490033 8.11185
1541490033 8.31631
1541490033 8.25562
1541490033 8.21774
1541490034 8.1997
1541490034 8.18951
1541490034 8.16237
1541490034 8.14179
1541490034 8.07823
1541490035 8.31292
1541490035 8.28258
1541490035 8.2108
1541490035 8.1822
1541490035 8.18728
1541490036 8.16298
1541490036 8.16971
1541490036 8.14972
1541490036 8.12909
1541490036 8.13745
1541490037 8.16881
1541490037 8.13486
1541490037 8.14268
1541490037 8.14699
1541490037 8.13749
1541490038 8.11771
1541490038 8.13198
1541490038 8.13619
1541490038 8.15641
1541490038 8.14816
1541490039 8.12925
1541490039 8.10077
1541490039 8.08642
1541490039 8.0742
1541490039 8.0717
1541490040 8.04772
1541490040 8.00987
1541490040 8.01814
1541490040 8.25943
1541490040 8.17327
1541490040 8.0989
1541490041 8.08622
1541490041 8.02994
1541490041 8.00699
1541490041 8.05521
1541490042 8.05392
1541490042 8.0662
1541490042 8.07215
1541490042 8.07744
1541490042 8.10416
1541490043 8.11159
1541490043 7.85266
1541490043 8.15078
1541490043 7.96687
1541490043 7.74526
1541490044 7.8168
1541490044 7.89926
1541490044 7.69909
1541490044 7.80124
1541490045 8.14106
1541490045 7.9385
1541490045 7.79003
1541490045 7.88201
1541490046 8.02371
1541490046 8.05449
1541490046 8.06147
1541490046 8.07696
1541490046 8.10015
1541490047 7.88397
1541490047 7.91842
1541490047 8.16135
1541490047 7.88844
1541490047 8.12933
1541490048 8.13938
1541490048 8.14022
1541490048 8.11509
1541490049 8.10084
1541490049 8.086
1541490049 8.07046
1541490049 8.07928
1541490050 8.06348
1541490050 8.05318
1541490050 8.04252
1541490050 8.03263
1541490050 8.03748
1541490051 8.03088
1541490051 8.01405
1541490051 8.03081
1541490051 8.02743
1541490051 8.01627
1541490052 8.0524
1541490052 8.06586
1541490052 8.10625
1541490052 8.11805
1541490052 8.14521
1541490053 8.15016
1541490053 8.14155
1541490053 8.1633
1541490053 8.17279
1541490053 8.16487
1541490054 7.9417
1541490054 8.17943
1541490054 7.91372
1541490054 7.99746
1541490054 7.99213
1541490055 8.25381
1541490055 8.17816
1541490055 8.17728
1541490055 8.2324
1541490055 8.20164
1541490056 8.17848
1541490056 8.16662
1541490056 8.12887
1541490056 7.90905
1541490056 8.15416
1541490057 7.93184
1541490057 8.15181
1541490057 8.13136
1541490057 8.12014
1541490057 8.11796
1541490058 7.88528
1541490058 7.9089
1541490058 7.89202
1541490058 7.88793
1541490058 7.89402
1541490059 7.91461
1541490059 7.91018
1541490059 7.6742
1541490059 7.73672
1541490060 7.78
1541490060 7.87386
1541490060 7.87468
1541490060 7.88538
1541490060 7.87109
1541490061 7.91104
1541490061 7.68894
1541490061 7.69476
1541490061 7.96581
1541490061 7.74476
1541490062 7.75663
1541490062 7.81628
1541490062 7.81105
1541490062 8.07222
1541490062 7.79495
1541490063 7.80161
1541490063 7.80297
1541490063 7.78766
1541490063 7.79045
1541490063 7.8144
1541490064 7.79403
1541490064 7.79399
1541490064 7.79537
1541490064 7.5643
1541490064 7.80958
1541490065 7.74882
1541490065 7.78
1541490065 7.74752
1541490065 7.72833
1541490065 7.70183
1541490066 7.67334
1541490066 7.70286
1541490066 7.70993
1541490066 7.66799
1541490066 7.70053
1541490067 7.65337
1541490067 7.65743
1541490067 7.63727
1541490067 7.61881
1541490067 7.67029
1541490068 7.67158
1541490068 7.68536
1541490068 7.73734
1541490068 7.69622
1541490068 7.72346
1541490069 7.68804
1541490069 7.71387
1541490069 7.70566
1541490069 7.70893
1541490070 7.70424
1541490070 7.68124
1541490070 7.70723
1541490070 7.70492
1541490070 7.70173
1541490071 7.78578
1541490071 7.68457
1541490071 7.47482
1541490071 7.49906
1541490071 7.60075
1541490072 7.59712
1541490072 7.63248
1541490072 7.62084
1541490072 7.76523
1541490072 7.72312
1541490073 7.53044
1541490073 7.63298
1541490073 7.66321
1541490073 7.68505
1541490073 7.69599
1541490074 7.7535
1541490074 7.72744
1541490074 7.55175
1541490074 7.56848
1541490074 7.57673
1541490075 7.56317
1541490075 7.61518
1541490075 7.63932
1541490075 7.6562
1541490076 7.67024
1541490076 7.66198
1541490076 7.64546
1541490076 7.60226
1541490076 7.61536
1541490077 7.65964
1541490077 7.59621
1541490077 7.72635
1541490077 7.65644
1541490077 7.71142
1541490078 7.67979
1541490078 7.7552
1541490078 7.69814
1541490078 7.63969
1541490078 7.42158
1541490079 7.67482
1541490079 7.44237
1541490079 7.49912
1541490079 7.51011
1541490079 7.4953
1541490080 7.73601
1541490080 7.74394
1541490080 7.72276
1541490080 7.66367
1541490080 7.71625
1541490081 7.63572
1541490081 7.59532
1541490081 7.59759
1541490081 7.61875
1541490081 7.60186
1541490082 7.55595
1541490082 7.74688
1541490082 7.63182
1541490082 7.64156
1541490082 7.5832
1541490083 7.4636
1541490083 7.70364
1541490083 7.58674
1541490083 7.522
1541490083 7.83291
1541490084 7.57696
1541490084 7.5719
1541490084 7.63563
1541490084 7.6294
1541490084 7.53963
1541490085 7.78872
1541490085 7.5687
1541490085 7.67052
1541490085 7.62238
1541490085 7.51779
1541490086 7.72272
1541490086 7.55185
1541490086 7.80587
1541490086 7.66946
1541490086 7.58352
1541490087 7.82053
1541490087 7.69566
1541490087 7.59413
1541490087 7.68157
1541490087 7.6769
1541490087 7.81886
1541490088 7.73133
1541490088 7.866
1541490088 7.77755
1541490088 7.85108
1541490089 7.75431
1541490089 7.83629
1541490089 7.6963
1541490089 7.80713
1541490089 7.94787
1541490090 7.75545
1541490090 7.78994
1541490090 7.6304
1541490090 7.73109
1541490090 7.81942
1541490091 7.7568
1541490091 7.92625
1541490091 7.82308
1541490091 7.82706
1541490091 7.85729
1541490092 7.77754
1541490092 7.90738
1541490092 7.87864
1541490092 7.65735
1541490092 7.81596
1541490093 7.96213
1541490093 7.71605
1541490093 7.90664
1541490093 7.92431
1541490093 7.86611
1541490094 7.73575
1541490094 7.72228
1541490094 7.91095
1541490094 7.82502
1541490094 7.89118
1541490094 7.97597
1541490095 7.92616
1541490095 7.83042
1541490095 7.98803
1541490095 7.89509
1541490096 7.93586
1541490096 7.95323
1541490096 8.00184
1541490096 8.13171
1541490096 7.99922
1541490097 7.99683
1541490097 7.94745
1541490097 7.94756
1541490097 7.96739
1541490097 7.9104
1541490098 7.81904
1541490098 7.99836
1541490098 7.77088
1541490098 7.83578
1541490098 7.95873
1541490099 7.75122
1541490099 7.73868
1541490099 7.81183
1541490099 7.87696
1541490099 7.9439
1541490100 7.93895
1541490100 8.07823
1541490100 8.00189
1541490100 8.11841
1541490100 8.13162
1541490101 7.70678
1541490101 7.90302
1541490101 7.86172
1541490101 7.95185
1541490101 8.03176
1541490102 7.9396
1541490102 7.98037
1541490102 7.95629
1541490102 8.06436
1541490102 8.03435
1541490103 8.0405
1541490103 7.90469
1541490103 7.9731
1541490103 8.13417
1541490105 8.37623
1541490105 8.50539
1541490106 8.64715
1541490106 8.52464
1541490106 8.51588
1541490106 8.52657
1541490106 8.50453
1541490107 8.51218
1541490107 8.43998
1541490107 8.46315
1541490107 8.48725
1541490107 8.50716
1541490108 8.40289
1541490108 8.43358
1541490108 8.5591
1541490108 8.55977
1541490108 8.4339
1541490109 8.42734
1541490109 8.56438
1541490109 8.43334
1541490109 8.58781
1541490109 8.53065
1541490110 8.5101
1541490110 8.51266
1541490110 8.46324
1541490110 8.55344
1541490110 8.53436
1541490111 8.59644
1541490111 8.47091
1541490111 8.48161
1541490111 8.48694
1541490111 8.41987
1541490112 8.44221
1541490112 8.60256
1541490112 8.57732
1541490112 8.47242
1541490112 8.57505
1541490113 8.4323
1541490113 8.48679
